1,20,164
1,54,177
1,74,192
1,94,11
1,94,12
1,122,215
1,129,84
1,129,238
1,148,137
1,164,5
1,165,197
1,167,216
1,184,199
1,207,90
1,212,119
1,222,22
1,224,153
1,227,243
1,243,12
2,2,83
2,7,149
2,20,164
2,29,183
2,45,132
2,65,196
2,70,143
2,75,171
2,94,34
2,98,151
2,112,170
2,128,223
2,155,148
2,176,87
2,204,91
2,221,51
2,223,41
2,237,50
3,41,164
3,64,13
3,73,173
3,77,167
3,78,166
3,87,149
3,94,176
3,114,5
3,116,171
3,121,115
3,155,148
3,164,213
3,171,48
3,216,96
3,220,32
3,220,34
3,221,54
3,224,1
3,224,152
3,227,234
3,236,159
4,14,212
4,22,144
4,42,110
4,46,176
4,53,76
4,93,73
4,94,77
4,135,214
4,154,57
4,159,151
4,168,5
4,175,13
4,203,43
4,210,59
4,233,40
4,246,5
4,247,160
5,13,215
5,74,140
5,89,5
5,105,192
5,108,65
5,125,205
5,127,54
5,167,215
5,198,186
5,214,52
5,220,34
5,223,36
5,230,153
5,238,11
5,241,20
6,3,65
6,25,141
6,36,55
6,45,98
6,67,192
6,127,49
6,128,224
6,135,216
6,144,21
6,150,87
6,152,93
6,153,88
6,164,219
6,182,193
6,203,32
6,227,230
6,227,232
6,234,40
6,236,10
6,236,245
6,240,2
6,242,10
6,250,200
7,47,133
7,51,104
7,63,250
7,96,26
7,120,237
7,138,186
7,140,141
7,147,81
7,156,248
7,169,50
7,205,246
8,4,98
8,56,133
8,144,136
8,154,80
8,157,51
8,216,28
8,221,234
8,222,231
8,223,34
8,248,129
9,52,180
9,68,6
9,157,194
9,235,41
10,3,64
10,45,145
10,60,183
10,65,192
10,142,144
10,151,155
10,154,155
10,156,156
10,166,159
10,175,102
10,175,115
10,233,96
10,236,145
10,249,163
11,24,175
11,24,187
11,26,152
11,29,154
11,35,53
11,52,137
11,78,5
11,134,184
11,153,154
11,155,43
11,155,44
11,158,50
11,161,45
11,161,250
11,164,45
11,164,128
11,234,3
11,238,154
12,4,214
12,21,134
12,41,201
12,89,178
12,92,160
12,94,52
12,103,63
12,115,229
12,177,96
12,177,99
12,226,227
12,239,155
12,241,16
13,31,219
13,38,170
13,43,125
13,50,152
13,82,108
13,96,63
13,98,235
13,108,238
13,154,150
13,177,95
13,246,22
13,246,206
14,6,158
14,49,140
14,52,135
14,68,162
14,75,158
14,151,138
14,212,188
15,29,125
15,99,16
15,108,226
15,110,131
15,111,131
15,144,45
15,223,182
15,224,11
16,27,179
16,38,172
16,213,100
16,234,229
16,240,31
16,244,128
17,38,198
17,65,61
17,106,224
17,172,51
17,218,35
17,223,182
17,239,47
18,8,207
18,50,139
18,107,128
18,126,236
18,142,182
18,155,168
18,158,170
18,177,76
18,188,192
19,36,124
19,46,207
19,99,68
19,99,225
19,126,239
19,139,178
19,154,165
19,177,93
19,203,188
19,221,61
19,228,23
19,236,39
19,242,93
20,43,165
20,46,125
20,89,10
20,113,198
20,121,155
20,123,205
20,163,20
20,179,117
20,237,247
21,3,212
21,11,164
21,72,75
21,133,173
21,159,146
21,170,36
21,207,13
21,222,186
21,229,75
21,235,187
22,1,168
22,7,214
22,27,139
22,41,156
22,112,202
22,126,95
22,135,60
22,136,67
22,144,59
22,145,52
22,164,147
22,203,169
22,211,198
22,234,24
22,238,160
22,248,100
23,3,218
23,8,206
23,21,128
23,36,165
23,36,171
23,179,149
23,182,3
23,214,73
23,215,187
23,224,79
23,236,30
23,250,23
24,19,164
24,21,132
24,32,204
24,33,134
24,33,143
24,36,126
24,42,3
24,70,185
24,161,35
24,173,147
24,175,250
24,182,3
24,200,180
24,214,196
24,249,24
25,46,96
25,113,203
25,118,240
25,123,200
25,127,95
25,134,144
25,135,67
25,153,73
25,224,185
25,233,187
25,240,96
25,241,42
25,250,34
26,21,30
26,43,205
26,61,203
26,70,72
26,75,65
26,84,10
26,112,229
26,124,199
26,148,181
26,229,22
26,247,165
27,48,96
27,62,183
27,103,166
27,148,165
27,171,242
27,202,215
27,222,26
27,229,162
27,243,33
27,246,166
27,248,163
28,5,138
28,24,175
28,29,44
28,72,17
28,108,170
28,116,220
28,125,150
28,145,206
28,165,141
28,189,212
28,224,92
28,226,8
28,229,9
28,246,94
29,12,208
29,37,136
29,40,125
29,68,211
29,108,169
29,136,176
29,145,150
29,147,82
29,209,87
30,5,219
30,6,218
30,7,214
30,25,139
30,26,160
30,42,82
30,73,204
30,79,25
30,106,72
30,122,95
30,160,147
30,210,31
30,213,170
30,235,90
31,21,29
31,34,137
31,67,72
31,79,161
31,136,189
31,169,24
31,222,7
31,240,153
32,8,175
32,12,174
32,17,162
32,81,24
32,149,21
32,153,184
32,156,127
32,242,129
32,243,134
32,246,96
32,250,215
33,2,155
33,81,23
33,138,98
33,157,78
33,194,17
33,217,23
34,3,68
34,10,174
34,22,31
34,34,94
34,104,52
34,123,97
34,123,98
34,143,32
34,150,205
34,186,191
34,191,211
34,192,245
34,214,34
35,44,204
35,58,214
35,63,70
35,88,102
35,137,74
35,155,32
35,213,167
35,213,169
36,72,192
36,133,179
36,143,88
36,156,20
36,178,62
36,203,87
36,204,74
36,241,171
37,11,123
37,117,226
37,134,85
37,136,138
37,164,116
37,173,64
37,177,54
37,204,74
37,210,208
37,228,29
37,242,156
37,246,100
37,248,139
38,16,145
38,21,148
38,27,159
38,32,29
38,34,145
38,37,95
38,134,12
38,136,66
38,142,118
38,211,71
38,212,68
38,219,30
38,249,86
39,27,148
39,39,156
39,54,89
39,73,175
39,102,237
39,169,130
40,23,191
40,28,209
40,49,156
40,78,19
40,120,102
40,149,86
40,162,113
40,168,139
40,175,105
40,184,202
40,187,39
40,187,49
40,191,240
40,209,42
40,242,243
40,244,89
41,36,140
41,42,162
41,63,215
41,129,92
41,130,92
41,158,94
41,158,101
41,160,152
41,172,105
41,186,38
41,209,42
41,220,25
42,19,37
42,44,163
42,60,190
42,64,191
42,83,32
42,163,149
42,217,46
43,11,36
43,61,159
43,68,135
43,69,129
43,129,11
43,139,141
43,149,90
43,202,175
44,65,218
44,66,216
44,68,135
44,107,244
44,194,103
44,243,62
44,247,165
45,21,35
45,33,151
45,33,211
45,37,27
45,37,151
45,69,135
45,75,201
45,111,42
45,111,50
45,127,41
45,150,121
45,167,146
45,187,47
45,202,97
45,211,167
45,228,31
46,8,52
46,18,39
46,35,153
46,76,35
46,83,20
46,136,89
46,171,234
46,180,42
46,248,83
47,10,43
47,30,44
47,33,25
47,37,22
47,73,201
47,96,53
47,109,50
47,132,84
47,141,90
47,143,113
47,155,236
48,34,41
48,66,15
48,70,18
48,71,203
48,117,59
48,123,70
48,127,41
48,143,190
48,151,194
48,157,98
48,248,137
49,65,127
49,67,133
49,69,15
49,69,225
49,92,43
49,109,95
49,133,110
49,136,109
49,151,158
49,187,119
49,207,73
49,221,33
50,42,164
50,53,149
50,60,196
50,110,95
50,112,105
50,153,121
50,161,157
50,178,43
50,179,101
50,207,74
50,212,173
51,34,43
51,54,155
51,64,160
51,124,77
51,130,28
51,153,56
51,178,43
51,198,228
51,198,229
51,232,19
52,53,148
52,58,143
52,82,62
52,123,76
52,129,98
52,239,54
53,33,150
53,49,207
53,56,200
53,110,50
53,128,15
53,134,92
53,161,145
53,192,91
53,195,175
53,249,152
54,24,191
54,30,208
54,35,150
54,69,171
54,124,102
54,167,102
54,174,106
54,183,87
54,184,235
54,232,157
54,238,156
54,246,143
55,16,33
55,35,11
55,61,190
55,87,50
55,154,90
55,202,80
55,227,71
56,62,138
56,90,54
56,106,101
56,111,228
56,122,41
56,159,145
57,5,59
57,90,20
57,104,81
57,122,87
57,145,135
57,167,102
57,186,99
57,196,227
58,22,54
58,48,151
58,131,93
58,146,135
59,37,149
59,123,69
59,125,35
59,133,35
59,133,78
59,155,135
60,16,9
60,28,120
60,59,163
60,104,20
60,122,191
60,128,101
60,137,81
60,192,109
60,204,166
60,216,179
61,61,216
61,108,98
61,123,115
61,125,73
61,153,61
61,157,55
61,169,216
61,177,229
61,249,148
62,44,119
62,66,133
62,134,10
62,136,78
62,147,95
62,156,137
62,209,178
62,215,185
62,224,155
63,25,16
63,30,123
63,53,165
63,91,219
63,97,51
63,104,72
63,177,14
64,21,38
64,23,8
64,58,166
64,129,37
64,131,9
64,156,5
64,159,101
64,200,82
64,236,123
65,53,231
65,73,52
65,102,61
65,139,202
65,169,84
65,204,246
66,35,20
66,54,205
66,61,139
66,77,152
66,142,77
66,155,101
66,181,101
66,208,15
66,208,176
66,229,143
67,45,21
67,54,231
67,63,63
67,68,66
67,68,129
67,71,149
67,79,139
67,79,163
67,145,91
67,163,239
67,186,106
67,216,21
67,218,174
68,27,4
68,30,123
68,40,6
68,54,236
68,76,141
68,99,59
68,124,67
68,139,82
68,147,91
68,156,102
68,203,186
68,222,14
69,31,108
69,33,109
69,52,182
69,59,240
69,73,42
69,74,29
69,106,90
69,144,19
69,148,91
69,176,110
69,177,94
69,177,110
69,210,24
69,212,166
69,222,125
69,241,158
69,248,73
70,18,100
70,25,11
70,132,94
70,142,105
70,208,30
70,213,12
70,249,72
71,25,2
71,49,16
71,60,143
71,72,115
71,155,37
71,226,53
72,59,62
72,66,123
72,76,58
72,76,207
72,120,244
72,137,215
72,147,47
72,154,103
72,173,60
72,184,235
72,241,73
72,241,154
72,249,108
73,47,148
73,48,200
73,68,119
73,71,28
73,76,58
73,79,142
73,129,66
73,139,106
73,188,237
73,200,159
74,28,118
74,45,26
74,62,137
74,77,62
74,105,71
74,133,25
74,149,32
74,151,47
74,184,239
74,201,80
75,68,60
75,69,158
75,132,182
75,133,28
75,134,60
75,158,245
75,159,3
75,169,241
75,176,7
75,184,240
75,188,105
75,218,230
76,38,112
76,42,14
76,67,238
76,113,90
76,120,54
76,121,116
76,180,84
76,181,241
77,31,127
77,86,50
77,124,12
77,142,39
77,154,92
77,158,189
77,219,70
78,82,52
78,126,45
78,132,201
78,175,246
78,184,237
78,200,229
78,216,74
78,216,76
78,242,57
79,45,223
79,47,24
79,49,129
79,49,245
79,66,170
79,66,235
79,68,115
79,104,27
79,120,72
79,141,7
79,182,196
79,197,180
79,201,168
79,203,26
80,38,107
80,116,102
80,139,192
80,147,103
80,175,150
80,182,233
80,193,207
80,213,56
80,223,223
81,2,51
81,9,122
81,87,1
81,87,244
81,88,134
81,88,135
81,124,99
81,126,229
81,144,75
81,162,222
81,164,3
81,193,175
81,205,222
82,5,188
82,83,250
82,85,250
82,157,51
82,189,161
82,207,28
82,208,222
82,229,31
83,35,245
83,48,36
83,64,171
83,99,136
83,177,109
83,191,170
84,1,28
84,57,126
84,129,75
84,141,190
84,183,161
85,14,2
85,41,241
85,42,140
85,50,42
85,74,168
85,120,85
85,124,64
85,129,44
85,129,75
85,142,211
85,148,9
85,153,234
85,228,223
85,231,6
85,233,62
86,1,192
86,55,209
86,97,148
86,123,186
86,148,170
86,158,151
86,207,1
86,219,55
86,234,43
86,235,46
86,238,170
86,239,39
87,12,221
87,45,111
87,50,20
87,83,24
87,86,25
87,95,149
87,96,141
87,102,149
87,129,79
87,132,63
87,137,47
87,149,77
87,164,153
87,201,39
88,10,44
88,52,245
88,53,47
88,60,238
88,88,134
88,110,120
88,139,193
88,141,74
88,148,77
88,187,190
88,214,238
88,239,56
89,74,25
89,105,106
89,150,109
89,213,57
89,234,49
89,234,215
89,240,58
90,1,60
90,11,62
90,31,228
90,88,5
90,105,108
90,105,109
90,130,49
90,131,48
90,146,49
90,165,1
91,7,15
91,19,63
91,66,4
91,143,194
91,147,157
91,155,107
91,183,160
91,194,181
91,232,231
91,236,166
92,14,55
92,16,56
92,20,221
92,45,243
92,62,232
92,72,166
92,127,76
92,134,44
92,159,81
92,159,143
92,162,242
92,206,222
92,231,75
92,237,217
93,8,78
93,13,44
93,23,116
93,85,136
93,98,17
93,100,145
93,107,151
93,108,141
93,110,141
93,128,197
93,220,67
93,221,68
93,230,77
93,231,227
93,232,228
93,239,230
94,41,37
94,44,194
94,44,244
94,85,14
94,122,83
94,150,138
94,222,12
94,239,225
95,16,222
95,27,236
95,33,113
95,50,108
95,84,15
95,109,157
95,113,100
95,123,74
95,149,217
95,154,192
96,2,125
96,3,125
96,158,150
96,169,145
96,201,53
97,1,64
97,10,24
97,40,5
97,51,119
97,89,249
97,98,128
97,156,149
97,169,159
98,21,57
98,40,189
98,41,138
98,70,170
98,91,54
98,115,126
98,140,212
98,148,196
98,151,97
98,151,140
98,158,143
98,169,14
98,198,214
98,230,55
99,72,140
99,141,130
99,153,102
99,177,143
99,199,220
100,41,137
100,90,122
100,97,39
100,100,152
100,133,5
100,152,178
100,159,166
100,241,15
101,3,199
101,79,168
101,107,34
101,108,18
101,167,93
101,171,17
101,172,155
101,192,187
102,1,214
102,21,66
102,31,64
102,39,132
102,75,43
102,99,152
102,140,92
102,142,88
102,163,144
102,171,237
103,5,65
103,140,96
103,209,35
103,236,178
104,1,7
104,1,8
104,5,64
104,5,217
104,6,110
104,32,61
104,39,137
104,55,67
104,81,139
104,89,32
104,98,14
104,136,234
104,140,121
104,165,146
104,187,195
104,235,172
104,245,129
105,2,9
105,3,10
105,76,174
105,78,47
105,90,156
105,106,62
105,111,11
105,135,85
105,179,195
105,239,169
106,43,137
106,58,67
106,69,136
106,71,123
106,137,23
106,163,151
106,226,238
106,250,119
107,3,219
107,10,128
107,89,72
107,162,152
107,164,16
107,181,155
107,181,201
107,238,188
108,15,84
108,129,29
108,133,240
108,179,202
108,236,51
108,243,121
108,248,95
108,249,122
109,71,45
109,93,151
109,101,5
109,112,53
110,15,64
110,46,55
110,92,45
110,120,43
110,166,135
110,183,208
110,190,60
110,220,182
110,236,14
110,237,40
110,246,114
111,35,163
111,85,129
111,113,53
111,127,101
111,164,135
111,187,230
111,236,116
112,7,9
112,13,89
112,16,115
112,22,135
112,23,122
112,29,153
112,83,82
112,164,135
112,176,136
112,187,75
112,231,126
112,243,132
113,4,228
113,16,20
113,23,232
113,39,241
113,74,107
113,82,177
113,94,150
113,101,148
113,130,129
113,137,56
113,197,193
113,217,55
114,3,32
114,13,22
114,71,65
114,85,126
114,97,2
114,98,2
114,102,3
114,169,199
114,173,56
114,187,76
114,194,205
115,14,228
115,15,117
115,16,63
115,28,165
115,100,30
115,171,201
115,192,59
115,220,233
115,250,92
116,7,245
116,15,228
116,19,228
116,23,32
116,50,150
116,122,8
116,128,52
116,128,122
116,165,87
116,174,211
116,229,29
117,18,211
117,30,9
117,64,60
117,92,21
117,92,150
117,113,233
117,135,55
117,176,128
117,184,73
117,189,187
118,14,200
118,28,131
118,64,59
118,71,130
118,89,112
118,93,4
118,116,231
118,118,56
118,122,44
118,125,96
118,129,95
118,173,219
119,13,229
119,23,104
119,90,49
119,92,147
119,102,239
119,190,200
119,192,201
119,220,59
120,7,132
120,42,84
120,50,85
120,57,89
120,229,244
121,10,10
121,18,92
121,20,243
121,33,22
121,64,47
121,68,128
121,81,164
121,94,177
121,96,7
121,104,220
121,117,168
121,220,22
121,236,125
122,19,222
122,35,126
122,40,133
122,47,100
122,68,126
122,75,5
122,75,112
122,76,5
122,188,183
122,220,244
122,235,125
122,242,108
123,30,23
123,41,131
123,48,106
123,55,68
123,105,174
123,171,58
123,172,58
123,189,121
124,2,133
124,5,129
124,10,2
124,29,243
124,45,95
124,76,7
124,78,111
124,89,199
124,92,161
124,105,172
124,113,249
124,148,65
124,176,138
124,206,50
124,233,27
125,16,128
125,20,7
125,45,79
125,51,133
125,78,113
125,89,196
125,90,35
125,97,8
125,116,56
125,127,46
125,186,124
125,187,54
125,191,129
125,205,10
125,217,98
125,248,116
126,7,49
126,89,195
126,161,19
126,189,129
126,194,143
126,202,249
126,212,55
126,241,154
126,244,220
127,62,102
127,86,55
127,175,136
127,199,7
127,212,7
127,224,26
127,239,176
128,36,84
128,92,67
128,94,64
128,109,241
128,119,241
128,203,10
128,219,100
128,225,10
129,1,132
129,3,127
129,59,142
129,72,135
129,85,68
129,99,49
129,217,13
130,62,190
130,66,198
130,132,150
130,186,9
130,218,94
130,224,95
131,7,136
131,62,197
131,86,62
131,87,154
131,101,44
131,103,4
131,185,152
131,243,152
132,7,49
132,46,152
132,60,86
132,73,149
132,110,54
132,225,33
132,234,58
132,239,5
132,239,55
132,243,226
132,245,250
133,4,44
133,16,97
133,53,92
133,62,54
133,90,146
133,96,39
133,124,161
133,168,136
133,172,120
133,174,137
133,213,118
133,233,46
133,233,57
133,246,21
133,246,112
134,3,62
134,37,13
134,48,90
134,74,169
134,115,234
134,129,43
134,129,167
134,164,250
134,179,48
134,190,43
134,192,2
134,246,164
134,249,13
135,60,134
135,100,48
135,112,234
135,118,32
135,128,23
135,133,145
135,171,221
135,174,119
135,191,158
135,221,247
135,222,249
135,247,14
135,248,191
136,5,20
136,29,74
136,36,127
136,90,118
136,93,45
136,107,151
136,117,178
136,125,185
136,126,49
136,130,176
136,145,233
136,162,22
136,180,148
136,206,79
136,238,8
137,45,144
137,97,147
137,112,238
137,125,162
137,129,158
137,164,19
137,170,114
137,202,73
137,221,90
137,231,242
137,237,103
137,242,156
137,246,10
138,6,80
138,50,92
138,51,93
138,60,57
138,80,109
138,102,11
138,119,246
138,168,248
138,172,112
138,172,132
139,4,77
139,6,136
139,46,117
139,50,93
139,58,56
139,120,157
139,207,190
139,217,70
139,220,91
139,225,4
139,229,1
140,9,49
140,68,69
140,100,162
140,116,246
140,205,6
140,209,191
140,211,113
140,217,94
140,217,239
140,220,91
140,236,245
141,1,47
141,8,7
141,21,43
141,48,82
141,74,79
141,77,85
141,95,143
141,184,146
141,221,202
141,243,32
141,248,33
142,95,97
142,119,161
142,178,130
142,201,10
142,203,229
142,217,16
142,229,239
142,235,4
142,235,6
142,238,249
143,8,57
143,8,58
143,24,143
143,25,31
143,50,71
143,61,132
143,66,195
143,69,64
143,80,237
143,113,237
143,123,25
143,170,219
143,179,126
143,182,149
143,215,222
143,217,16
143,218,15
144,8,7
144,26,92
144,32,95
144,36,104
144,65,67
144,69,64
144,101,24
144,133,47
144,135,108
144,176,212
144,177,202
144,181,126
144,184,139
144,250,73
145,37,74
145,57,195
145,72,78
145,129,38
145,188,139
145,190,114
145,199,102
145,213,20
145,216,79
146,9,10
146,40,53
146,64,92
146,69,79
146,113,177
146,120,23
146,126,31
146,147,91
146,190,136
146,191,105
146,215,62
146,219,78
147,35,106
147,46,78
147,65,92
147,74,147
147,124,57
147,129,47
147,133,157
147,143,194
147,233,59
147,234,235
148,6,112
148,11,22
148,28,6
148,31,82
148,49,77
148,60,184
148,113,200
148,186,90
148,210,110
148,211,191
148,218,204
148,247,163
149,14,6
149,17,61
149,25,41
149,58,60
149,64,183
149,83,112
149,83,242
149,112,166
149,112,176
149,113,174
149,115,35
149,118,202
149,156,81
149,211,17
149,215,212
150,26,38
150,26,150
150,33,248
150,48,63
150,53,46
150,67,89
150,114,33
150,115,171
150,136,30
150,150,84
150,155,21
150,210,19
150,212,195
151,1,87
151,9,76
151,25,216
151,52,60
151,57,56
151,67,189
151,68,88
151,89,108
151,114,183
151,125,138
151,136,219
151,230,149
152,24,7
152,25,58
152,26,246
152,31,1
152,34,94
152,44,148
152,148,87
152,230,233
153,3,69
153,11,46
153,19,238
153,20,19
153,32,57
153,34,58
153,40,13
153,102,48
153,110,44
153,120,63
153,142,84
153,182,121
153,202,226
153,203,77
154,2,42
154,24,57
154,42,16
154,53,61
154,86,239
154,125,250
154,128,180
154,208,203
154,224,87
154,236,159
155,28,54
155,30,4
155,30,5
155,55,177
155,115,187
155,123,32
155,213,76
155,223,232
156,3,233
156,4,236
156,7,55
156,91,234
156,152,87
156,155,98
156,159,94
156,214,115
156,236,247
157,24,75
157,25,250
157,58,118
157,75,129
157,111,162
157,115,158
157,117,186
157,121,110
157,136,88
157,169,208
157,209,212
157,221,235
157,223,86
157,236,43
158,32,53
158,56,167
158,82,83
158,133,84
158,159,97
158,202,17
158,206,30
159,6,91
159,41,110
159,55,114
159,101,148
159,109,145
159,110,23
159,111,70
159,124,142
159,130,53
159,171,209
159,210,80
160,23,30
160,53,114
160,54,174
160,136,26
160,145,205
160,210,79
160,227,90
161,23,24
161,28,7
161,33,185
161,43,70
161,69,138
161,81,236
161,84,21
161,90,235
161,122,13
161,157,179
161,174,208
161,196,128
162,1,74
162,7,197
162,29,27
162,33,136
162,69,119
162,83,235
162,84,20
162,146,211
162,152,91
162,169,139
162,192,74
162,209,79
162,210,83
162,213,241
162,228,83
162,228,85
162,233,93
162,247,172
163,78,31
163,106,143
163,120,64
163,135,173
163,145,74
163,154,76
163,160,71
163,174,139
163,174,209
163,195,74
163,208,72
163,209,79
164,61,85
164,65,113
164,77,59
164,122,14
164,151,199
164,154,76
164,186,126
164,194,18
164,206,99
164,248,228
165,60,118
165,63,86
165,125,52
165,151,21
165,180,80
165,196,68
165,246,102
165,248,227
166,7,148
166,20,90
166,31,147
166,32,178
166,34,38
166,34,167
166,92,121
166,110,12
166,114,54
166,129,52
166,131,15
166,133,178
166,167,91
166,212,78
166,234,32
166,247,235
167,67,22
167,70,25
167,73,24
167,76,139
167,77,140
167,79,10
167,80,15
167,83,59
167,116,48
167,119,204
167,124,47
167,129,129
167,205,68
167,246,225
167,249,225
168,59,18
168,60,91
168,71,50
168,77,140
168,84,59
168,114,129
168,122,55
168,152,16
168,217,98
168,231,97
168,239,81
169,12,156
169,81,120
169,93,240
169,110,212
169,116,127
169,143,26
169,182,139
169,208,71
169,208,111
169,224,3
170,39,21
170,65,112
170,80,247
170,83,162
170,86,35
170,94,235
170,111,127
170,122,192
170,207,77
170,228,176
170,229,175
170,230,176
171,12,145
171,37,141
171,74,229
171,78,50
171,80,245
171,82,4
171,85,250
171,101,24
171,126,21
171,166,75
172,65,26
172,80,12
172,87,249
172,108,33
172,128,171
172,134,168
172,145,29
172,151,15
172,211,86
172,249,225
173,9,194
173,22,141
173,41,155
173,56,99
173,70,17
173,118,8
173,119,203
173,139,174
173,143,171
173,213,103
173,224,4
174,33,22
174,60,179
174,66,29
174,69,31
174,89,235
174,92,124
174,132,130
174,143,27
174,147,71
174,149,194
174,192,66
174,226,33
174,249,116
175,33,215
175,37,209
175,74,99
175,75,151
175,79,154
175,84,231
175,118,18
175,118,177
175,119,178
175,127,24
175,133,64
175,144,69
175,148,194
175,169,207
175,184,96
175,250,179
176,35,219
176,74,141
176,128,163
176,133,154
176,192,102
176,198,106
177,14,181
177,51,119
177,61,38
177,73,8
177,87,10
177,108,137
177,122,7
177,182,79
178,16,60
178,54,205
178,57,90
178,81,26
178,101,37
178,225,21
178,241,145
179,6,74
179,7,145
179,49,97
179,50,97
179,68,115
179,69,115
179,75,126
179,76,66
179,78,49
179,116,174
179,123,55
179,129,134
179,133,200
179,235,19
179,239,7
180,14,56
180,29,3
180,45,46
180,47,118
180,71,16
180,73,243
180,85,117
180,113,173
180,136,33
180,159,122
180,224,206
180,246,233
181,15,11
181,71,111
181,74,241
181,78,123
181,92,55
181,102,4
181,107,202
181,115,11
181,120,31
181,181,76
181,190,52
181,201,250
181,230,225
182,9,76
182,76,210
182,88,92
182,119,200
182,220,195
182,227,249
182,241,194
183,57,195
183,61,245
183,62,103
183,75,212
183,77,244
183,79,54
183,95,246
183,112,161
183,113,9
183,151,68
183,193,102
183,242,182
184,41,101
184,123,195
184,143,204
184,144,165
184,193,103
185,87,28
185,149,206
185,171,75
185,195,115
185,220,194
186,68,18
186,81,111
186,118,36
186,229,199
186,231,200
186,247,219
187,35,196
187,79,58
187,96,25
187,128,215
187,178,62
187,231,198
188,29,47
188,59,182
188,82,91
188,91,104
188,111,161
188,111,208
188,146,5
188,157,29
188,199,73
188,219,154
189,54,13
189,82,32
189,93,49
189,105,34
189,131,37
189,147,19
189,155,232
189,159,206
189,214,156
189,229,172
189,233,200
190,18,183
190,27,208
190,38,21
190,83,50
190,92,43
190,105,88
190,136,103
190,143,239
190,176,83
190,196,115
190,230,176
190,250,205
191,33,183
191,34,19
191,49,56
191,89,36
191,91,37
191,97,46
191,131,53
191,150,72
191,150,73
191,169,74
191,187,65
192,14,57
192,31,19
192,51,55
192,53,205
192,104,85
192,105,26
192,125,31
192,136,203
192,166,122
192,176,148
192,214,188
193,7,75
193,45,193
193,89,38
193,127,33
193,127,47
193,148,226
193,158,95
193,196,114
193,208,241
193,219,66
193,231,174
193,239,243
194,22,27
194,48,197
194,150,28
194,167,97
194,171,149
194,172,148
194,231,174
195,39,38
195,72,212
195,157,2
195,166,88
195,217,140
195,226,155
195,250,71
196,22,11
196,62,57
196,63,212
196,67,207
196,91,50
196,120,101
196,176,79
196,179,77
196,185,104
196,238,204
196,249,189
197,37,66
197,47,42
197,48,83
197,141,33
197,142,173
197,187,163
197,188,108
197,246,68
197,249,71
198,20,19
198,26,39
198,54,203
198,198,172
198,212,189
198,226,214
198,227,177
198,239,179
198,245,69
199,4,40
199,13,64
199,37,58
199,70,139
199,74,219
199,79,12
199,85,107
199,135,198
199,141,11
199,147,116
200,8,54
200,10,213
200,11,62
200,24,57
200,29,112
200,80,1
200,140,12
200,146,19
200,158,31
200,188,151
200,191,151
200,213,143
200,238,68
201,23,74
201,91,228
201,150,128
201,158,31
201,204,83
201,210,66
201,217,235
201,218,149
201,246,72
201,249,193
202,22,74
202,38,59
202,44,142
202,44,143
202,105,205
202,112,98
202,112,127
202,153,214
202,194,148
202,204,121
202,215,149
202,226,68
202,240,244
203,44,142
203,62,156
203,70,247
203,97,51
203,111,8
203,113,41
203,163,85
203,214,187
203,215,188
203,217,70
203,235,183
203,242,187
204,7,217
204,89,35
204,98,213
204,100,224
204,105,214
204,107,138
204,112,41
204,141,10
204,193,113
204,212,82
204,218,70
204,240,246
205,1,213
205,27,104
205,33,111
205,50,233
205,60,211
205,101,142
205,103,214
205,125,192
205,131,226
205,189,62
205,190,155
205,208,73
205,215,184
205,241,78
205,243,111
206,7,233
206,37,115
206,88,240
206,92,60
206,103,232
206,106,37
206,145,9
206,157,200
206,202,134
206,204,92
206,208,189
206,212,241
206,222,197
207,89,116
207,91,139
207,105,228
207,108,200
207,150,29
207,202,188
207,231,188
207,232,135
207,237,124
207,238,187
208,27,45
208,49,26
208,54,32
208,61,147
208,123,191
208,144,14
208,148,111
208,187,67
208,200,59
209,76,232
209,91,1
209,104,35
209,110,96
209,114,41
209,119,40
209,201,122
210,42,141
210,55,63
210,85,14
210,87,60
210,110,151
210,119,41
210,124,223
210,176,116
210,209,83
210,209,122
210,224,73
210,228,76
210,244,113
210,249,188
211,35,14
211,51,151
211,82,63
211,103,52
211,125,246
211,143,71
211,145,25
211,164,118
211,204,142
211,249,113
212,46,152
212,48,34
212,61,144
212,62,6
212,74,234
212,116,123
212,151,112
212,159,235
212,227,134
212,234,66
212,245,79
213,18,62
213,18,223
213,22,119
213,29,16
213,30,201
213,45,78
213,52,79
213,56,63
213,99,230
213,129,138
213,166,47
213,172,113
213,202,63
214,21,82
214,30,1
214,49,151
214,80,66
214,203,105
214,204,151
214,235,123
215,7,204
215,66,156
215,107,32
215,143,107
215,185,130
215,193,157
215,211,242
215,215,197
215,224,189
215,240,248
216,39,94
216,52,205
216,60,13
216,62,248
216,124,202
216,143,186
216,147,248
216,180,134
216,199,154
216,201,238
216,203,114
217,8,231
217,59,153
217,71,230
217,147,181
217,156,247
217,192,103
218,8,212
218,54,152
218,83,17
218,99,35
218,108,216
218,111,88
218,126,36
218,160,113
218,174,93
218,193,104
218,220,77
219,209,112
220,35,66
220,37,165
220,215,243
220,236,69
221,4,157
221,5,238
221,28,102
221,46,243
221,84,121
221,84,235
221,102,224
221,158,56
221,176,124
221,193,104
221,211,120
222,20,215
222,24,132
222,65,149
222,81,230
222,85,153
222,94,94
222,103,47
222,147,185
222,160,58
222,192,125
222,198,233
222,199,135
222,203,123
222,227,36
223,17,135
223,38,167
223,44,193
223,58,105
223,81,233
223,145,106
223,162,56
223,190,226
223,193,96
223,193,226
223,197,109
223,226,37
223,228,32
224,22,213
224,65,104
224,76,82
224,77,205
224,87,58
224,98,52
224,148,87
224,162,58
224,176,144
224,228,86
225,13,205
225,15,138
225,28,211
225,53,112
225,54,203
225,55,161
225,56,157
225,76,202
225,90,242
225,91,94
225,146,90
225,166,146
225,176,68
225,196,106
225,197,111
225,210,59
225,225,37
225,228,88
226,4,8
226,57,231
226,64,99
226,82,249
226,109,77
226,147,98
226,152,89
226,158,89
226,226,36
226,233,59
227,26,133
227,28,148
227,33,104
227,61,110
227,63,92
227,91,54
227,105,228
227,168,58
227,175,57
227,177,63
227,180,124
227,221,238
227,229,154
228,11,154
228,35,209
228,38,99
228,38,126
228,62,95
228,64,85
228,153,97
228,195,98
228,197,124
228,212,74
228,221,44
228,239,139
229,22,127
229,28,143
229,47,239
229,51,203
229,61,84
229,63,86
229,86,58
229,154,102
229,192,123
229,198,129
229,211,58
229,226,28
229,240,126
229,247,130
230,3,52
230,26,136
230,40,156
230,55,106
230,59,222
230,67,82
230,68,6
230,80,238
230,100,245
230,103,54
230,142,40
230,175,67
230,192,225
230,194,102
230,199,238
230,221,36
231,53,202
231,62,112
231,63,3
231,66,5
231,87,54
231,94,86
231,160,54
231,168,51
231,174,69
231,194,102
231,221,243
232,43,154
232,66,85
232,69,85
232,75,134
232,76,134
232,76,135
232,78,98
232,79,136
232,80,57
232,91,106
232,175,67
232,191,109
232,220,26
233,3,210
233,11,46
233,37,156
233,47,154
233,57,100
233,72,227
233,76,135
233,76,137
233,77,211
233,84,59
233,86,129
233,99,140
233,178,140
233,196,118
234,53,213
234,60,91
234,72,6
234,74,141
234,76,136
234,108,51
234,166,55
234,195,127
234,196,126
234,196,131
234,224,20
234,242,60
235,74,139
235,92,50
235,149,228
235,166,110
235,196,117
236,41,151
236,69,226
236,75,221
236,77,118
236,78,150
236,104,46
236,177,65
236,187,168
236,244,75
236,246,77
237,32,95
237,33,149
237,51,105
237,96,155
237,192,116
237,209,47
238,3,148
238,18,232
238,35,127
238,37,148
238,48,238
238,53,100
238,58,139
238,63,117
238,70,209
238,79,237
238,80,52
238,80,231
238,114,53
238,128,58
238,223,31
238,225,222
239,3,149
239,23,103
239,31,110
239,52,188
239,65,10
239,65,220
239,68,14
239,79,106
239,91,139
239,103,230
239,110,21
239,230,221
240,63,95
240,74,147
240,177,60
240,180,169
240,182,158
240,224,20
241,6,153
241,63,146
241,65,147
241,71,67
241,110,10
241,175,114
241,177,54
241,194,236
241,210,49
241,217,20
242,5,50
242,6,194
242,62,117
242,71,149
242,87,7
242,90,139
242,96,11
242,143,97
242,151,90
242,195,45
242,195,46
242,218,17
243,14,45
243,20,147
243,31,31
243,87,25
243,199,46
243,213,3
243,217,23
243,218,22
244,21,33
244,30,20
244,47,157
244,73,152
244,85,119
244,91,41
244,95,80
244,105,19
244,111,2
245,7,64
245,103,8
245,129,109
245,151,36
245,193,27
245,199,218
245,213,23
245,215,24
245,226,226
245,227,154
246,1,143
246,50,107
246,100,9
246,106,229
246,142,39
246,143,33
246,197,34
246,200,213
246,218,24
247,65,132
247,69,156
247,70,68
247,80,119
247,174,58
247,200,32
247,202,215
247,245,186
248,6,145
248,11,53
248,38,46
248,38,145
248,62,69
248,62,158
248,140,34
248,142,36
248,156,48
248,164,53
248,220,47
248,226,216
249,11,191
249,44,88
249,60,15
249,62,137
249,70,16
249,78,137
249,79,119
249,109,15
249,110,233
249,175,108
249,179,93
249,185,27
249,190,219
249,196,59
249,210,58
249,234,174
249,242,191
250,8,166
250,32,146
250,79,13
250,92,11
250,96,68
250,98,75
250,105,119
250,117,7
250,144,106
250,173,85
250,184,230
250,185,226
250,189,163
250,230,47
